19914
301648
969
26662
195029
647
38169
3144
7069
7654
438
65979
284
1987
99786
11
24162
2388
82785
45020
788
95244
2949
88785
8452
7398
70134
75314
7267
16838
2109
28
28
20
320
428
2677
53297
70
70
505
78577
71
19534
61894
17073
37949
2663
53222
174366
17796
76400
50422
81
73
41123
73
80
80
73
86
80
79
73
72
80
73
71
79
72
80
80
80
74
78
73
72
80
79
71
72
171
73839
7518
325478
8659
5121
768
194
187
2881
1478
4156
245
3181
392
6949
70
77
406
3966
17256
35236
15493
19048
345
609
252
64922
152896
40226
482
64
70
28
302
1394
16762
49545
3950
11569
28
294
350
1058
186184
66635
271974
45
2451
133
36598
9272
18280
483
762
444
14401
9779
11516
47055
140
2072
533
9210
10052
37967
3326
614
1236
54
260
78
1810
12
12
47
1812
4735
6553
19
14
20168
33
240
61
129
45097
1431
3394
20170
107392
126322
756
7905
159
595
1949
9323
4100
184
4034
11
4719
3773
450
176
3830
2175
63722
175
5276
5503
10273
1830
503
5334
119
3834
1096
2756
490
1401
61181
6339
1548
8001
41780
12337
44826
13131
28382
28622
39914
15
35308
16
6937
7633
2685
3197
68925
15269
30
49206
76
737
112
3138
18314
1998
56524
6451
89
33
271
12359
4515
27
9707
2876
38439
2896
4325
34024
12014
15
32898
9882
4836
314
590
3969
15
16
16
31828
22684
21365
34
202
16764
1469
17079
40178
830
6726
3393
19708
245
4771
65588
6902
871
1237
35
17
399
440
356
347
341
82003
8643
17250
8355
29942
3629
45104
4269
2953
30588
11662
50799
3409
32273
2194
20180
12
12632
15550
7195
34096
8123
26
12
13
34
109
12
19
18
26
11
12
12
27
440
319
34632
161150
46002
47149
45040
76814
25825
31297
93657
16
48044
674
66770
54912
892
34760
6531
68581
1751
93702
6878
31354
37465
973
245
237
209
342
560
2541
6345
3354
65267
19750
783
1002
155372
22014
14658
45706
33859
20063
6058
2263
23215
16945
4673
5588
19563
130240
2669
9025
47498
117974
175640
154446
30655
17
4368
67729
