22
16776
23
23
28641
32
29
46370
28
6322
20
25
828
42425
23
10703
23
27
12793
20
24
25
406
26632
23
28
30175
20
26
33
26738
115
116
115
1778
86
85
85
16349
116
126877
22
397
52760
39065
24
30
54960
21
21
27
1454
48954
469
1152
1109
1415
851
561
199028
1079
38
49
25
2610
2302
114650
15593
8749
87449
155
5312
10654
26334
21
205139
8721
13610
49060
22104
20
13334
2980
1711
44047
75723
43001
17621
103489
37654
64467
50240
2451
8949
29359
7437
52330
69577
3721
96823
9895
9632
13579
1036
308801
2543
7762
52608
73434
175373
27713
2554
13347
26080
152907
1732
10653
48814
26215
21637
139624
7927
9875
26965
46198
30
2811
13741
75795
32821
29311
15902
40775
578
2769
1328
81
58360
154785
6770
22886
8676
64241
2687
146002
124835
16439
12499
191037
7134
7818
2841
3360
69092
15428
50148
105794
7685
202548
108413
38358
474
56735
134
132
136
1570
130
129
129
93
94042
17226
11487
262
268
267
28535
197
92
43391
263
173421
57119
480275
218871
81485
326600
145046
31883
22003
14643
45696
53922
5996
2346
23201
16922
4740
25273
130242
2653
504708
