17508
1908
248
391
260
203
457
211
229
480
705
514
377
477
3812
1953
25906
12451
43763
17370
200
200
19059
200
34605
12164
381
3286
7675
26204
11025
1473
2879
5168
11025
11025
11025
1473
9552
1473
2076
7475
4959
200
4480
11025
4119
6906
1473
9551
1133
7308
11025
1473
9552
1473
8502
12047
12498
9552
11025
1472
5642
3911
1380
1280
9745
22050
33075
33075
33075
12807
6659
2463
11025
11872
4787
240
5861
10281
11024
1382
9632
11024
11025
31247
5469
4671
44100
11025
8418
2701
2771
5256
2501
6607
4057
10930
11025
11024
3258
396
414
6743
714
444
5035
4738
1607
677
8718
11025
1794
8259
960
10913
4307
3327
3329
20573
1477
1781
9184
10899
1018
2878
18154
5664
6553
1542
2152
8008
966
18968
19518
11469
33078
3252
780
1531
8669
1206
10172
5947
568
1785
12392
3282
55963
4212
925
5381
9537
43907
22013
445
4390
1515
546804
69551
11059
21626
42372
268200
53966
27502
114211
112310
52617
12103
18400
1562
78152
317
8595
310
11171
316
8231
10768
54860
5779
174182
245715
74204
291
22370
25525
1163
50347
957
287
548
55117
2843
647
3291
336
1317
248
289
1323
1352
231
209
9649
311
22908
281
3173
4326
264
519
512
7008
1796
2219
1379
3212
593
2196
362
7103
2138
4169
50106
32210
320
234
231
276
221
240
1138
793
231
224
929
311
245
1157
230
963
208
626
253
2434
312
1129
218
238
206
1008
1042
951
1065
7370
279
280
256
911
204
272
5489
11025
24161
7341
89471
72438
40105
34394
98937
1374
1257
1647
1279
1251
1088
2134
1244
1171
1506
810
232
982
558
261
1840
35798
76052
5505
350725
70525
57793
2753
18277
328
2149
52676
33631
7712
349736
60140
21074
3591
86468
88358
23685
545
246
568
39147
21122
333585
57672
15885
4590
9470
805
14579
84550
108941
69750
3582
9891
11106
347
3066
10254
14841
8076
258
340
8242
5244
64299
12608
12016
3015
1415
1482
3695
1149
7861
24864
16898
258
20915
3233
63632
27174
23516
37538
1869
13022
63973
13372
378
649
1864
8763
40821
18050
18762
42227
21816
2296
3795
13316
1406
1937
12275
54370
25972
25416
10569
4545
120063
4367
15996
857
