61184
305
968
47381
93612
153952
110
775
179
98508
144727
32651
73261
161540
116492
25104
66961
2034
235
733
141
1281
621
1192
55848
116
861
2816
464
184
276
454
740
672
497
108
425
15264
213069
89805
17056
1352
184641
9430
31804
8862
65491
29946
10648
118583
77219
143639
507396
121430
88198
87882
347730
36326
20806
33511
83161
26671
70471
18859
21846
48013
4041
37069
30226
301
25759
52687
182605
237592
634034
85113
941907
111355
491347
91200
571
12641
72080
5787
64608
1124
276971
25535
76665
44362
