329378
195101
739
38225
3184
88
81182
2330
99821
89
109458
45906
202883
70199
75394
7276
76
19854
2697
152194
80
79085
93902
81
192171
244207
7561
325532
8705
133
5138
331314
79
59340
640194
18773
149214
2217
80
80404
3427
20264
80
242659
16062
216
92
4051
4774
108
3800
496
233
3858
280838
104
13257
28513
68690
194540
96080
14433
94652
106
98
109
84563
22774
38442
122
66358
23175
256
4783
70731
134
132
136
1570
130
129
129
93
119696
33581
94833
88748
48431
80
7312
241001
46047
76
47226
45068
118
76939
25936
102
31368
75
93705
48828
163961
681839
10346
327079
365203
