213499
115809
195108
745
38231
3231
95
81180
102195
105
26613
82818
45916
273096
75402
7273
87
174765
87
61939
17133
93913
89
192171
244202
7567
325544
8720
97
5936
227
224
4420
325554
89
699544
250926
3431
20270
87
242424
196
16115
238
4138
4785
129
3785
488
244
3856
223409
12411
44968
13267
28393
128
68561
141
35398
92
7006
81
7673
2737
3232
68957
15340
163885
94677
119
106
123
84437
61340
140
66380
224389
262
268
267
28535
197
92
679
45152
49669
88733
48449
94
7319
42534
79
77
77
78
77
775
196227
46054
94
47236
45067
117
76950
25953
102
31382
78
93725
79
48785
163968
89
639272
47206
158192
539765
