329350
195076
711
38234
3178
81175
2307
99818
24200
85257
45868
202870
70168
75358
7323
16874
2521
447
2706
152137
79088
93870
174368
17826
244173
7567
325510
8710
9375
327077
378966
272020
2451
133
1047
35523
9323
102756
140
2072
533
1439
55761
5225
114
2197
77
33421
45571
1457
3419
20315
242413
192
16102
198
89
4051
4774
3803
497
233
3845
280900
13217
28476
68575
194565
96050
14322
48560
46070
108
78
84511
22732
38437
18581
151545
370
356
356
107917
41955
52417
42332
88724
48392
7274
34135
45650
161186
46034
47197
45069
76892
25951
105
31331
84
93712
48105
721
163932
75
68619
1762
249514
361859
10326
327031
365208
