329381
195108
76
656
38259
3178
81224
2301
99822
75
24240
85244
45886
202912
70170
97
75335
7347
16915
2531
432
2700
152147
79100
93880
78
192195
244169
7558
325529
8695
9420
327056
651048
39182
9278
34479
9779
428
10905
69063
37967
5200
136
2194
97
87
78932
1434
3442
20221
242460
201
711
15390
224
8853
3876
479
204
3848
280847
13247
28518
68652
158
194493
96064
14280
94733
125
110
82
84423
22749
38481
18656
141614
9936
368
356
344
107900
41962
52410
42299
88806
48389
7207
34183
45656
161156
46030
79
47161
89
45070
76920
25972
115
31321
82
93722
48801
163930
86
68659
1772
249516
361830
10361
327054
365196
