329369
195093
729
38220
3219
125
81188
2301
99869
24212
85250
45888
202885
70176
75369
7340
16886
2524
450
2709
152145
118
79081
93881
192216
244187
7568
138057
187398
8711
9388
327064
650995
788
47730
34414
9780
460
10900
69063
43202
106
2193
83
80374
3428
80
20243
242661
16019
304
8817
83
3845
464
218
3837
280838
13242
28501
68590
85
194579
96050
14340
2916
45668
46076
76
128
100
84533
22758
38456
84
18595
151544
366
356
348
107901
41955
52417
42344
88726
48405
85
7295
34148
45660
161155
46047
47262
84
45064
83
76917
25936
106
31347
93705
48862
164026
68624
1764
249524
361869
10332
327065
365208
