20012
329379
195124
760
38246
3244
99
81193
102263
106
26628
82828
45926
273113
75410
7375
174765
102
61943
17145
93916
104
192171
244224
7575
325547
8721
100
5951
242
240
4434
325562
100
699562
183678
67243
3439
20257
102
234492
8173
16022
228
4144
4794
133
3793
500
246
3832
223347
12331
75
44995
13291
28408
136
68728
35420
89
6916
85
7614
2659
3175
68926
15254
84
163916
48557
46109
139
130
121
84446
61341
145
66397
254895
42705
263
2131
49539
88898
48445
96
7334
42547
94
108
114
112
111
111
110
106
95
776
196242
46056
96
47297
45075
130
76971
25928
124
31422
94
93718
79
48833
163964
89
639293
47220
158186
539808
