329382
195104
741
38229
3231
81196
2320
99811
79
109482
45895
202894
70184
75413
7298
19037
155717
79087
93888
83
192170
85709
158442
7560
325544
8700
25861
77
72362
238097
40904
302
83253
8152
26080
540805
162748
5262
111
2203
86
56309
24070
3443
84
20248
242438
228
16072
228
4059
4775
97
3822
486
224
3856
76876
21896
4344
1401
69072
8001
25303
73927
13259
28519
68602
92
194579
20364
80331
9809
48597
46082
121
108
114
84551
22748
38530
58812
35807
72539
2110
399
151605
94800
50827
3409
34518
48415
7313
42295
154
1316
153
139
511
383
195833
46056
47211
45077
86
76935
25948
122
31347
97
93714
77
48796
66791
90561
6576
89
164121
38257
37465
973
245
237
209
342
560
8887
88407
783
1002
123472
168231
8398
40213
10337
327033
365202
