329400
195122
754
38249
90
3165
87
81229
2292
99888
77
109505
45871
202920
70189
75422
7365
19050
56864
505
78577
19539
136
79111
93885
90
192277
85708
158420
7572
325533
8705
15135
245
3181
392
7503
3966
87037
345
609
252
217833
40305
482
1724
66311
3950
3785
2554
5167
322
350
1058
186184
1082
247130
138828
168023
99
2210
83
80383
3448
20236
242694
16022
219
8836
97
3889
459
244
3849
76887
17942
119
4931
2756
178209
13275
28545
28733
39917
190574
76
708
3138
20365
62975
89
271
16927
9760
48676
46072
82
141
138
77
84425
22769
38480
58871
35806
72539
2146
148390
3632
49456
45310
50886
3409
34471
20181
12629
15560
87
7308
42341
154
1169
153
139
511
196215
75
46041
47293
82
45080
76949
25985
142
80
31337
97
93734
48889
66811
90578
6557
76
164167
80836
9700
378526
8416
40190
10367
327078
365176
